2.4972344340
2.5023601253
2.5369055717
2.5369055717
2.5369055717
2.5289099216
2.5289099216
2.5289099216
2.5289099216
2.5289099216
2.5289099216
2.5289099216
2.5291679324
2.5291679324
2.5291344624
2.5291344624
2.5291437383
2.5291437383
2.5291436950
2.5291437151
2.5291437151
2.5291437105
2.5291437069
2.5291437069
2.5291437069
2.5291437078
2.5291437078
2.5291437086
2.5291437086
2.5291437086
2.5291437086
2.5291437086
2.5291437086
2.5291437086
2.5291437086
2.5291437086
2.5291437086
2.5291437086
2.5291437086
2.5291437086
2.5291437086
2.5291437086
2.5291437086
2.5291437086
2.5291437086
2.5291437086
2.5291437086
2.5291437086